1,1,111.187,100,99.9894,+149.739ms,+0.269883ms
2,1,111.204,100,99.9947,+149.705ms,+0.269846ms
3,1,111.11,100,99.9947,+149.822ms,+0.270092ms
4,1,111.057,100,99.9947,+149.589ms,+0.269976ms
5,1,111.216,100,99.9894,+149.492ms,+0.269425ms
6,1,111.246,100,99.9894,+149.872ms,+0.270052ms
7,1,111.151,100,99.9947,+149.513ms,+0.269664ms
8,1,111.134,100,100,+149.763ms,+0.270038ms
9,1,111.14,100,99.9894,+149.839ms,+0.270102ms
10,1,111.187,100,99.9841,+149.517ms,+0.269377ms
11,1,111.11,100,99.9894,+149.83ms,+0.270203ms
12,1,111.275,100,99.9894,+149.7ms,+0.269778ms
13,1,110.916,100,99.9947,+150.001ms,+0.270455ms
14,1,111.128,100,99.9947,+149.553ms,+0.269625ms
15,1,111.181,100,99.9841,+149.661ms,+0.269751ms
16,1,111.045,100,99.9894,+149.651ms,+0.269854ms
17,1,111.134,100,99.9947,+149.974ms,+0.270207ms
18,1,111.269,100,99.9841,+149.795ms,+0.269717ms
19,1,111.122,100,99.9894,+149.634ms,+0.269805ms
20,1,111.157,100,100,+149.486ms,+0.269563ms
21,1,111.14,100,100,+149.644ms,+0.269565ms
22,1,111.081,100,99.9947,+149.766ms,+0.269907ms
23,1,110.998,100,99.9947,+149.868ms,+0.270085ms
24,1,111.193,100,99.9947,+149.793ms,+0.269904ms
25,1,111.358,100,99.9841,+149.411ms,+0.2694ms
26,1,110.88,100,99.9894,+149.92ms,+0.270202ms
27,1,111.316,100,99.9894,+149.653ms,+0.269626ms
28,1,111.316,100,99.9894,+149.472ms,+0.269472ms
29,1,111.063,100,99.9947,+149.715ms,+0.270038ms
30,1,111.11,100,99.9894,+149.769ms,+0.269954ms
31,1,111.151,100,99.9947,+149.829ms,+0.270001ms
32,1,111.163,100,99.9841,+149.389ms,+0.269318ms
33,1,111.281,100,99.9894,+149.649ms,+0.269746ms
34,1,111.328,100,99.9841,+149.588ms,+0.269625ms
35,1,111.022,100,99.9894,+149.678ms,+0.269837ms
36,1,111.081,100,99.9894,+149.841ms,+0.269973ms
37,1,110.951,100,99.9947,+149.949ms,+0.2703ms
38,1,111.104,100,99.9947,+149.834ms,+0.270012ms
39,1,110.963,100,99.9841,+149.975ms,+0.270246ms
40,1,111.145,100,99.9947,+149.733ms,+0.270083ms
41,1,110.88,100,99.9894,+149.957ms,+0.270201ms
42,1,111.004,100,99.9841,+149.75ms,+0.269927ms
43,1,111.375,100,99.9947,+149.498ms,+0.269509ms
44,1,111.069,100,99.9894,+149.586ms,+0.269893ms
45,1,110.992,100,100,+149.807ms,+0.270094ms
46,1,111.092,100,99.9947,+149.747ms,+0.269971ms
47,1,111.281,100,99.9841,+149.477ms,+0.269327ms
48,1,111.057,100,99.9947,+149.718ms,+0.26976ms
49,1,111.269,100,99.9894,+149.713ms,+0.269719ms
50,1,111.281,100,99.9947,+149.622ms,+0.269797ms
1,2,57.4919,100,99.9949,+278.817ms,+0.498641ms
2,2,57.4329,100,99.9897,+278.545ms,+0.498022ms
3,2,57.6216,100,99.9847,+277.933ms,+0.497615ms
4,2,57.5626,100,99.9846,+278.256ms,+0.498809ms
5,2,56.7254,100,99.9804,+258.141ms,+0.46365ms
6,2,57.4742,100,99.9948,+278.722ms,+0.498874ms
7,2,57.0173,100,99.9832,+258.293ms,+0.466965ms
8,2,57.4123,100,99.9897,+278.5ms,+0.497903ms
9,2,57.43,100,99.9897,+279.223ms,+0.49813ms
10,2,57.2472,100,99.9948,+279.368ms,+0.497857ms
11,2,57.4182,100,99.9897,+279.187ms,+0.497518ms
12,2,57.71,100,99.9847,+277.828ms,+0.498422ms
13,2,57.5361,100,99.9897,+277.939ms,+0.497777ms
14,2,57.4447,100,99.9846,+278.926ms,+0.498944ms
15,2,57.3858,100,100,+279.038ms,+0.497936ms
16,2,57.4152,100,99.9897,+278.951ms,+0.496406ms
17,2,57.6098,100,99.9846,+278.414ms,+0.498718ms
18,2,57.4152,100,99.9897,+279.052ms,+0.499336ms
19,2,57.5273,100,99.9897,+278.392ms,+0.498267ms
20,2,57.3032,100,99.9897,+279.081ms,+0.496918ms
21,2,56.9082,100,100,+257.358ms,+0.464544ms
22,2,57.71,100,99.9949,+277.703ms,+0.498279ms
23,2,57.6658,100,99.9847,+277.806ms,+0.497952ms
24,2,57.5037,100,99.9847,+278.327ms,+0.498629ms
25,2,57.4359,100,99.9846,+278.975ms,+0.498185ms
26,2,57.5391,100,99.9898,+278.254ms,+0.497237ms
27,2,57.5626,100,99.9847,+278.038ms,+0.498821ms
28,2,57.5096,100,99.9846,+278.523ms,+0.499012ms
29,2,57.5744,100,99.9949,+278.604ms,+0.499057ms
30,2,57.2,100,99.9949,+279.831ms,+0.497935ms
31,2,57.0143,100,99.9911,+257.916ms,+0.467885ms
32,2,57.7336,100,99.9898,+277.625ms,+0.497698ms
33,2,57.5862,100,99.9846,+278.381ms,+0.497855ms
34,2,57.4654,100,99.9897,+278.999ms,+0.498732ms
35,2,57.5214,100,99.9898,+278.524ms,+0.4973ms
36,2,57.5361,100,99.9898,+278.381ms,+0.497872ms
37,2,57.4948,100,99.9897,+278.873ms,+0.498067ms
38,2,57.601,100,99.9847,+278.199ms,+0.497093ms
39,2,57.5892,100,99.9898,+278.293ms,+0.498148ms
40,2,57.3622,100,99.9897,+279.077ms,+0.498353ms
41,2,57.4094,100,99.9949,+279.21ms,+0.498242ms
42,2,57.3209,100,99.9897,+279.799ms,+0.496983ms
43,2,57.4477,100,99.9949,+278.464ms,+0.497741ms
44,2,57.4418,100,99.9897,+279.152ms,+0.496971ms
45,2,57.2089,100,99.9845,+279.631ms,+0.498444ms
46,2,57.6363,100,99.9898,+278.094ms,+0.498828ms
47,2,57.1706,100,99.9898,+279.814ms,+0.497701ms
48,2,57.4035,100,99.9949,+279.116ms,+0.497922ms
49,2,57.3563,100,99.9795,+279.495ms,+0.497377ms
50,2,57.6069,100,99.9796,+278.615ms,+0.497389ms
1,3,38.0724,100,99.8347,+427.688ms,+0.700108ms
2,3,37.9997,100,99.7925,+424.699ms,+0.702196ms
3,3,38.3142,100,99.8752,+433.444ms,+0.694582ms
4,3,38.1982,100,99.7636,+443.266ms,+0.700618ms
5,3,37.9073,100,99.9244,+362.656ms,+0.64583ms
6,3,38.0253,100,99.8452,+432.059ms,+0.701965ms
7,3,38.0469,100,99.8599,+434.104ms,+0.699643ms
8,3,38.0312,100,99.8492,+392.519ms,+0.646711ms
9,3,38.0371,100,99.7953,+454.588ms,+0.696752ms
10,3,38.1923,100,99.8713,+425.591ms,+0.696876ms
11,3,38.326,100,99.9122,+412.986ms,+0.701928ms
12,3,38.1471,100,99.8948,+383.294ms,+0.666583ms
13,3,38.1294,100,99.6701,+440.187ms,+0.692998ms
14,3,37.986,100,99.8141,+457.471ms,+0.700084ms
15,3,38.1275,100,99.7523,+434.834ms,+0.692895ms
16,3,38.1687,100,99.8051,+400.067ms,+0.668371ms
17,3,38.1452,100,99.8255,+426.245ms,+0.699492ms
18,3,38.0862,100,99.6862,+458.174ms,+0.697089ms
19,3,38.0154,100,99.8349,+426.061ms,+0.699665ms
20,3,38.0842,100,99.8662,+441.691ms,+0.699902ms
21,3,38.1058,100,99.7813,+447.224ms,+0.698308ms
22,3,38.1255,100,99.8436,+431.706ms,+0.700537ms
23,3,38.1786,100,99.8467,+428.192ms,+0.701553ms
24,3,37.7049,100,99.8464,+401.566ms,+0.652941ms
25,3,38.2002,100,99.8038,+431.762ms,+0.695688ms
26,3,38.1216,100,99.8753,+444.674ms,+0.700548ms
27,3,37.9879,100,99.905,+383.276ms,+0.669406ms
28,3,38.0862,100,99.851,+435.688ms,+0.695246ms
29,3,38.0646,100,99.6962,+444.284ms,+0.698593ms
30,3,38.1845,100,99.886,+426.03ms,+0.698942ms
31,3,38.0547,100,99.8845,+424.113ms,+0.704378ms
32,3,38.1943,100,99.9481,+384.44ms,+0.647382ms
33,3,38.2198,100,99.8357,+426.035ms,+0.700384ms
34,3,38.0587,100,99.8856,+437.999ms,+0.699072ms
35,3,38.1058,100,99.7969,+413.224ms,+0.665603ms
36,3,38.2395,100,99.81,+434.311ms,+0.697657ms
37,3,37.984,100,99.7297,+445.562ms,+0.69612ms
38,3,38.0115,100,99.7522,+412.661ms,+0.662158ms
39,3,38.2926,100,99.8409,+426.613ms,+0.698698ms
40,3,37.7226,100,99.8133,+389.781ms,+0.61879ms
41,3,38.2906,100,99.9017,+397.225ms,+0.672425ms
42,3,38.0842,100,99.8906,+428.814ms,+0.702096ms
43,3,38.0528,100,99.7625,+445.012ms,+0.697507ms
44,3,38.2395,100,99.8029,+399.996ms,+0.667511ms
45,3,38.3063,100,99.8873,+424.547ms,+0.703276ms
46,3,38.1668,100,99.6762,+444.774ms,+0.697059ms
47,3,38.0213,100,99.8392,+435.043ms,+0.703441ms
48,3,38.2631,100,99.8412,+435.196ms,+0.699542ms
49,3,38.1452,100,99.8873,+385.483ms,+0.671535ms
50,3,38.0489,100,99.8543,+431.222ms,+0.698196ms
1,4,27.9677,100,97.6273,+569.975ms,+0.76302ms
2,4,28.2389,100,97.441,+699.955ms,+0.825216ms
3,4,28.1431,100,97.5459,+722.144ms,+0.817282ms
4,4,28.2698,100,97.7326,+715.364ms,+0.833983ms
5,4,28.2772,100,97.5546,+613.942ms,+0.79701ms
6,4,28.1431,100,97.4713,+707.07ms,+0.823186ms
7,4,28.1269,100,97.9269,+579.181ms,+0.77945ms
8,4,28.2639,100,97.4284,+630.771ms,+0.803444ms
9,4,28.205,100,97.3904,+704.957ms,+0.819787ms
10,4,28.3318,100,97.3825,+664.296ms,+0.784006ms
11,4,28.0826,100,97.681,+706.893ms,+0.827154ms
12,4,28.2227,100,97.6468,+713.884ms,+0.828943ms
13,4,28.2315,100,97.8657,+581.464ms,+0.779582ms
14,4,28.3008,100,97.6562,+722.931ms,+0.830351ms
15,4,28.2065,100,97.3814,+714.021ms,+0.828627ms
16,4,28.2477,100,97.2767,+708.063ms,+0.822135ms
17,4,28.149,100,97.6243,+627.48ms,+0.792587ms
18,4,28.2374,100,97.5431,+713.229ms,+0.81366ms
19,4,28.289,100,97.4033,+616.823ms,+0.791582ms
20,4,28.205,100,97.6365,+721.17ms,+0.823374ms
21,4,28.3288,100,97.3966,+639.605ms,+0.786053ms
22,4,28.1696,100,97.8651,+576.53ms,+0.780448ms
23,4,28.2787,100,97.2594,+722.556ms,+0.817353ms
24,4,28.2993,100,97.4599,+709.451ms,+0.825268ms
25,4,28.1652,100,97.7179,+711.073ms,+0.825526ms
26,4,28.2787,100,97.0456,+706.147ms,+0.823211ms
27,4,28.2595,100,97.5532,+696.799ms,+0.820892ms
28,4,28.3406,100,97.5167,+666.91ms,+0.784795ms
29,4,28.2271,100,98.153,+634.593ms,+0.786452ms
30,4,28.2138,100,97.4751,+707.438ms,+0.825535ms
31,4,28.2374,100,97.3572,+573.249ms,+0.768533ms
32,4,28.2256,100,97.6663,+711.438ms,+0.829364ms
33,4,28.2846,100,97.6568,+702.605ms,+0.820184ms
34,4,28.2418,100,97.6324,+717.698ms,+0.825752ms
35,4,28.2153,100,97.3697,+662.12ms,+0.793021ms
36,4,28.2197,100,97.359,+712.797ms,+0.819972ms
37,4,28.2713,100,97.4731,+713.145ms,+0.820497ms
38,4,28.2802,100,97.6702,+631.919ms,+0.79916ms
39,4,28.3657,100,97.0491,+706.664ms,+0.812753ms
40,4,28.2271,100,97.4872,+632.241ms,+0.795442ms
41,4,28.2124,100,97.8175,+578.076ms,+0.778102ms
42,4,28.2256,100,97.6014,+718.775ms,+0.825301ms
43,4,28.0738,100,97.5988,+722.048ms,+0.8236ms
44,4,28.292,100,97.3203,+721.355ms,+0.825991ms
45,4,28.2124,100,97.3362,+706.202ms,+0.816999ms
46,4,28.3141,100,97.5906,+697.641ms,+0.821421ms
47,4,28.2212,100,97.6655,+702.924ms,+0.825499ms
48,4,28.177,100,97.8898,+595.037ms,+0.776933ms
49,4,28.2875,100,97.519,+707.228ms,+0.817502ms
50,4,28.2094,100,97.2359,+720.089ms,+0.809099ms
