1,1,5.99034,100,100,+0.185393ms,+0.145409ms
2,1,5.99623,100,100,+0.190815ms,+0.14182ms
3,1,6.01392,100,100,+0.192749ms,+0.142784ms
4,1,5.85473,100,100,+0.196511ms,+0.142766ms
5,1,5.64837,100,99.8954,+0.188723ms,+0.142692ms
6,1,6.09646,100,100,+0.192555ms,+0.141329ms
7,1,5.83704,100,100,+0.192667ms,+0.141274ms
8,1,5.87242,100,100,+0.190207ms,+0.140621ms
9,1,6.00802,100,100,+0.190238ms,+0.140431ms
10,1,5.90779,100,100,+0.187627ms,+0.142383ms
11,1,5.84883,100,100,+0.185818ms,+0.145174ms
12,1,5.90779,100,100,+0.1906ms,+0.144525ms
13,1,6.00213,100,100,+0.191293ms,+0.141786ms
14,1,5.94906,100,100,+0.193551ms,+0.143035ms
15,1,5.98444,100,99.9013,+0.192321ms,+0.144792ms
16,1,5.69554,100,100,+0.188836ms,+0.142411ms
17,1,6.11415,100,100,+0.187992ms,+0.140224ms
18,1,6.23207,100,100,+0.188773ms,+0.142295ms
19,1,6.05519,100,100,+0.187739ms,+0.145689ms
20,1,5.96086,100,100,+0.184403ms,+0.144198ms
21,1,5.99623,100,100,+0.191633ms,+0.140817ms
22,1,5.76039,100,100,+0.18932ms,+0.143942ms
23,1,5.95496,100,100,+0.189852ms,+0.141122ms
24,1,6.02571,100,100,+0.189702ms,+0.142359ms
25,1,5.61299,100,100,+0.188701ms,+0.142486ms
26,1,5.96086,100,100,+0.191577ms,+0.144004ms
27,1,6.07288,100,100,+0.192039ms,+0.141108ms
28,1,5.68964,100,100,+0.187777ms,+0.146558ms
29,1,5.72502,100,100,+0.186562ms,+0.141369ms
30,1,5.95496,100,100,+0.19127ms,+0.141835ms
31,1,6.07878,100,100,+0.187608ms,+0.142146ms
32,1,5.55993,100,100,+0.184803ms,+0.145846ms
33,1,6.0375,100,100,+0.190944ms,+0.144358ms
34,1,6.00213,100,100,+0.189863ms,+0.144882ms
35,1,5.81346,100,100,+0.189496ms,+0.144777ms
36,1,6.10236,100,100,+0.187646ms,+0.141549ms
37,1,5.9019,100,100,+0.188489ms,+0.141923ms
38,1,6.12594,100,100,+0.188868ms,+0.14354ms
39,1,6.0493,100,100,+0.18753ms,+0.139683ms
40,1,5.87831,100,100,+0.184206ms,+0.143418ms
41,1,6.23207,100,100,+0.189671ms,+0.142352ms
42,1,6.17311,100,100,+0.196005ms,+0.1412ms
43,1,5.96675,100,99.901,+0.190832ms,+0.140977ms
44,1,5.61889,100,100,+0.195128ms,+0.143384ms
45,1,5.91958,100,100,+0.190407ms,+0.141005ms
46,1,5.896,100,100,+0.187309ms,+0.141708ms
47,1,5.88421,100,100,+0.19271ms,+0.141803ms
48,1,6.0434,100,100,+0.19227ms,+0.139917ms
49,1,6.11415,100,100,+0.194548ms,+0.140178ms
50,1,5.83114,100,100,+0.190478ms,+0.144277ms
1,2,5.87831,100,99.951,+0.218073ms,+0.151161ms
2,2,5.95496,100,100,+0.229838ms,+0.14999ms
3,2,5.89305,100,100,+0.228568ms,+0.150126ms
4,2,5.94022,100,100,+0.219514ms,+0.146982ms
5,2,5.81051,100,100,+0.223729ms,+0.149396ms
6,2,6.01097,100,99.9515,+0.225841ms,+0.148973ms
7,2,5.6749,100,100,+0.214704ms,+0.147426ms
8,2,6.00213,100,99.9515,+0.213104ms,+0.148459ms
9,2,5.94022,100,100,+0.221358ms,+0.149913ms
10,2,5.88716,100,100,+0.224843ms,+0.150558ms
11,2,5.85178,100,99.9513,+0.215072ms,+0.148975ms
12,2,5.92548,100,99.9513,+0.227329ms,+0.1481ms
13,2,5.87831,100,100,+0.221739ms,+0.146532ms
14,2,5.669,100,99.9495,+0.213823ms,+0.150736ms
15,2,5.8901,100,99.9512,+0.220117ms,+0.146208ms
16,2,5.94612,100,99.9501,+0.213769ms,+0.151429ms
17,2,5.9638,100,100,+0.212922ms,+0.146946ms
18,2,6.06404,100,100,+0.21628ms,+0.146006ms
19,2,6.05519,100,100,+0.216916ms,+0.151377ms
20,2,5.88421,100,100,+0.216666ms,+0.15503ms
21,2,5.83409,100,100,+0.211057ms,+0.14939ms
22,2,5.80461,100,100,+0.216492ms,+0.151758ms
23,2,5.8901,100,100,+0.219965ms,+0.148186ms
24,2,6.06993,100,100,+0.218341ms,+0.148566ms
25,2,5.78987,100,100,+0.217163ms,+0.150307ms
26,2,5.896,100,100,+0.222957ms,+0.151416ms
27,2,5.88126,100,100,+0.226263ms,+0.148272ms
28,2,5.57762,100,100,+0.214862ms,+0.151898ms
29,2,5.99623,100,100,+0.223442ms,+0.149985ms
30,2,5.91958,100,100,+0.220416ms,+0.150386ms
31,2,6.17016,100,99.9524,+0.216706ms,+0.148329ms
32,2,5.81935,100,100,+0.215047ms,+0.150602ms
33,2,5.91369,100,100,+0.217327ms,+0.15043ms
34,2,5.9756,100,100,+0.214985ms,+0.151328ms
35,2,5.75744,100,99.9497,+0.215187ms,+0.150097ms
36,2,6.10826,100,99.9517,+0.211857ms,+0.150151ms
37,2,5.93138,100,100,+0.219992ms,+0.148238ms
38,2,6.08762,100,100,+0.221806ms,+0.149454ms
39,2,5.87536,100,99.9497,+0.214167ms,+0.148682ms
40,2,6.05224,100,100,+0.212633ms,+0.149427ms
41,2,5.97265,100,100,+0.212762ms,+0.149893ms
42,2,5.99034,100,100,+0.217476ms,+0.150713ms
43,2,5.95791,100,100,+0.220412ms,+0.15079ms
44,2,5.80756,100,100,+0.213491ms,+0.149997ms
45,2,5.91074,100,100,+0.216798ms,+0.147066ms
46,2,5.85473,100,100,+0.213008ms,+0.146977ms
47,2,5.8164,100,100,+0.217194ms,+0.150789ms
48,2,6.01097,100,100,+0.220738ms,+0.152486ms
49,2,5.99034,100,100,+0.218938ms,+0.147624ms
50,2,5.86652,100,100,+0.218921ms,+0.150854ms
1,3,5.88028,100,100,+0.246409ms,+0.155643ms
2,3,5.90976,100,100,+0.258011ms,+0.159156ms
3,3,5.94317,100,100,+0.260733ms,+0.157768ms
4,3,5.87242,100,100,+0.247973ms,+0.157938ms
5,3,5.83507,100,100,+0.255219ms,+0.163205ms
6,3,6.07681,100,100,+0.268428ms,+0.158109ms
7,3,5.76236,100,100,+0.255881ms,+0.15864ms
8,3,6.01589,100,100,+0.256728ms,+0.157602ms
9,3,6.01982,100,99.9675,+0.258762ms,+0.15644ms
10,3,5.91958,100,100,+0.266652ms,+0.159248ms
11,3,5.93924,100,100,+0.256509ms,+0.156783ms
12,3,5.88617,100,100,+0.24096ms,+0.155271ms
13,3,5.90976,100,100,+0.256898ms,+0.157957ms
14,3,5.82132,100,100,+0.260634ms,+0.158612ms
15,3,5.86652,100,99.9668,+0.265294ms,+0.156575ms
16,3,6.01392,100,100,+0.251584ms,+0.157893ms
17,3,5.97854,100,100,+0.252841ms,+0.159666ms
18,3,6.15739,100,99.9678,+0.257621ms,+0.15603ms
19,3,6.13774,100,100,+0.255589ms,+0.15801ms
20,3,5.81542,100,100,+0.25268ms,+0.158509ms
21,3,5.79577,100,100,+0.261444ms,+0.158527ms
22,3,5.95103,100,100,+0.257725ms,+0.157229ms
23,3,5.86259,100,100,+0.246924ms,+0.155707ms
24,3,6.00409,100,100,+0.26573ms,+0.161953ms
25,3,5.7997,100,100,+0.244747ms,+0.158036ms
26,3,5.92155,100,99.9654,+0.257565ms,+0.158938ms
27,3,5.99427,100,100,+0.24472ms,+0.158179ms
28,3,5.78398,100,100,+0.259884ms,+0.15915ms
29,3,5.92351,100,99.9668,+0.260467ms,+0.162277ms
30,3,5.93924,100,100,+0.260406ms,+0.155893ms
31,3,6.06109,100,100,+0.250802ms,+0.157776ms
32,3,5.85669,100,100,+0.241792ms,+0.157109ms
33,3,5.93138,100,99.9666,+0.257152ms,+0.162006ms
34,3,6.08074,100,99.9674,+0.256539ms,+0.158176ms
35,3,5.9471,100,100,+0.256898ms,+0.159777ms
36,3,6.03357,100,100,+0.263529ms,+0.156885ms
37,3,5.96086,100,99.9672,+0.253237ms,+0.159691ms
38,3,6.11808,100,100,+0.246273ms,+0.155467ms
39,3,6.00213,100,100,+0.253607ms,+0.157106ms
40,3,5.98641,100,100,+0.246648ms,+0.157896ms
41,3,6.00409,100,100,+0.244115ms,+0.156924ms
42,3,5.9412,100,100,+0.250749ms,+0.158686ms
43,3,5.82328,100,100,+0.261101ms,+0.158581ms
44,3,5.87438,100,100,+0.254637ms,+0.159261ms
45,3,5.87831,100,99.9663,+0.25498ms,+0.15496ms
46,3,5.76236,100,100,+0.253275ms,+0.157448ms
47,3,5.73877,100,100,+0.244585ms,+0.159318ms
48,3,6.04143,100,100,+0.260031ms,+0.154938ms
49,3,5.97854,100,100,+0.250386ms,+0.156105ms
50,3,5.88028,100,100,+0.260848ms,+0.158993ms
1,4,5.93432,100,99.9752,+0.301653ms,+0.175909ms
2,4,5.95201,100,100,+0.318673ms,+0.164569ms
3,4,6.0095,100,99.9502,+0.329411ms,+0.168038ms
4,4,5.84441,100,99.9742,+0.32348ms,+0.169637ms
5,4,5.83704,100,99.9752,+0.314425ms,+0.168574ms
6,4,6.0375,100,100,+0.36748ms,+0.168558ms
7,4,5.84588,100,99.9746,+0.302302ms,+0.169787ms
8,4,5.91516,100,100,+0.30963ms,+0.167078ms
9,4,5.98297,100,99.9505,+0.316154ms,+0.168673ms
10,4,5.83851,100,99.9488,+0.304651ms,+0.167044ms
11,4,5.93432,100,100,+0.312804ms,+0.165001ms
12,4,5.88716,100,100,+0.314065ms,+0.17187ms
13,4,5.90632,100,99.9743,+0.298234ms,+0.168581ms
14,4,5.83851,100,100,+0.307543ms,+0.168299ms
15,4,5.84146,100,100,+0.319281ms,+0.170066ms
16,4,5.9019,100,100,+0.3223ms,+0.169772ms
17,4,5.9299,100,99.9761,+0.293565ms,+0.163808ms
18,4,6.03898,100,100,+0.337162ms,+0.167852ms
19,4,6.17164,100,100,+0.323563ms,+0.169599ms
20,4,5.76187,100,99.9743,+0.308811ms,+0.169257ms
21,4,5.83999,100,99.9736,+0.316776ms,+0.169587ms
22,4,5.90779,100,99.9758,+0.299325ms,+0.172322ms
23,4,5.8621,100,100,+0.31427ms,+0.164584ms
24,4,5.9299,100,99.9747,+0.315028ms,+0.171297ms
25,4,5.86652,100,100,+0.318374ms,+0.170313ms
26,4,5.90779,100,100,+0.310646ms,+0.166147ms
27,4,6.00508,100,99.9759,+0.328518ms,+0.168292ms
28,4,5.76334,100,100,+0.301611ms,+0.169495ms
29,4,5.91664,100,100,+0.296799ms,+0.169141ms
30,4,5.85325,100,99.9752,+0.302279ms,+0.169177ms
31,4,6.07878,100,100,+0.305996ms,+0.171342ms
32,4,5.84441,100,100,+0.309627ms,+0.1696ms
33,4,5.94464,100,100,+0.309079ms,+0.16843ms
34,4,6.04193,100,99.9753,+0.312456ms,+0.166328ms
35,4,5.93138,100,100,+0.316247ms,+0.164943ms
36,4,6.04635,100,100,+0.314248ms,+0.167184ms
37,4,5.91958,100,99.9762,+0.337673ms,+0.170549ms
38,4,6.17459,100,100,+0.325185ms,+0.169594ms
39,4,5.98002,100,99.9755,+0.314324ms,+0.16611ms
40,4,5.91664,100,99.9754,+0.325254ms,+0.166513ms
41,4,5.9299,100,100,+0.303297ms,+0.171751ms
42,4,5.88716,100,100,+0.316216ms,+0.166147ms
43,4,5.8164,100,100,+0.316379ms,+0.166909ms
44,4,5.9019,100,100,+0.319662ms,+0.169533ms
45,4,5.79577,100,100,+0.303187ms,+0.169503ms
46,4,5.74123,100,100,+0.315402ms,+0.165177ms
47,4,5.79135,100,100,+0.292516ms,+0.165522ms
48,4,5.95349,100,99.9494,+0.327402ms,+0.172126ms
49,4,5.91369,100,100,+0.301148ms,+0.169839ms
50,4,5.85178,100,99.9749,+0.324539ms,+0.170012ms
