1,1,17.5111,100,100,+0.211417ms,+0.182684ms
2,1,17.7411,100,100,+0.213652ms,+0.18385ms
3,1,17.7175,100,99.9667,+0.213778ms,+0.185368ms
4,1,17.576,100,100,+0.205682ms,+0.181895ms
5,1,17.3991,100,99.9661,+0.212785ms,+0.184519ms
6,1,18.2599,100,100,+0.219463ms,+0.183665ms
7,1,17.1633,100,100,+0.208882ms,+0.183859ms
8,1,18.0005,100,99.9673,+0.214721ms,+0.184197ms
9,1,17.9003,100,100,+0.213223ms,+0.184402ms
10,1,17.6349,100,100,+0.209012ms,+0.182427ms
11,1,17.5347,100,99.9664,+0.217645ms,+0.185094ms
12,1,17.6349,100,100,+0.210707ms,+0.182215ms
13,1,17.5583,100,100,+0.215369ms,+0.183912ms
14,1,17.3283,100,100,+0.216705ms,+0.185479ms
15,1,17.4757,100,99.9663,+0.213012ms,+0.182326ms
16,1,17.912,100,100,+0.209915ms,+0.183664ms
17,1,18.0653,100,100,+0.209482ms,+0.183091ms
18,1,18.2894,100,99.9678,+0.211787ms,+0.186035ms
19,1,18.2953,100,100,+0.211752ms,+0.182121ms
20,1,17.4993,100,100,+0.207694ms,+0.182072ms
21,1,17.2635,100,99.9659,+0.217541ms,+0.186243ms
22,1,17.629,100,100,+0.207982ms,+0.183037ms
23,1,17.5583,100,100,+0.208504ms,+0.182973ms
24,1,17.8354,100,100,+0.212326ms,+0.184595ms
25,1,17.4109,100,100,+0.208022ms,+0.18357ms
26,1,17.6172,100,100,+0.209606ms,+0.183389ms
27,1,17.9062,100,99.9671,+0.211613ms,+0.182936ms
28,1,17.3166,100,100,+0.206172ms,+0.182477ms
29,1,17.6231,100,99.9666,+0.210889ms,+0.182908ms
30,1,17.8118,100,100,+0.214735ms,+0.185275ms
31,1,18.2068,100,99.9676,+0.217026ms,+0.183876ms
32,1,17.3048,100,100,+0.207472ms,+0.183611ms
33,1,17.688,100,100,+0.206485ms,+0.181851ms
34,1,18.2599,100,100,+0.204956ms,+0.183348ms
35,1,17.629,100,99.9666,+0.215225ms,+0.183871ms
36,1,18.0064,100,100,+0.21623ms,+0.186405ms
37,1,17.6762,100,99.9667,+0.215246ms,+0.183746ms
38,1,18.2776,100,100,+0.211007ms,+0.183047ms
39,1,17.8885,100,100,+0.205617ms,+0.18349ms
40,1,17.9769,100,99.9672,+0.216456ms,+0.183271ms
41,1,17.9356,100,100,+0.214286ms,+0.1844ms
42,1,17.8708,100,100,+0.209093ms,+0.181891ms
43,1,17.4993,100,99.9663,+0.209684ms,+0.183908ms
44,1,17.5819,100,100,+0.211807ms,+0.1826ms
45,1,17.5583,100,100,+0.213116ms,+0.182331ms
46,1,17.2458,100,100,+0.210666ms,+0.182497ms
47,1,17.2871,100,100,+0.205719ms,+0.180885ms
48,1,17.9651,100,100,+0.213609ms,+0.184423ms
49,1,18.0182,100,100,+0.211935ms,+0.185808ms
50,1,17.6172,100,100,+0.210703ms,+0.183375ms
1,2,17.8325,100,100,+0.270664ms,+0.213613ms
2,2,17.8501,100,100,+0.282039ms,+0.21502ms
3,2,17.7263,100,100,+0.277897ms,+0.216118ms
4,2,17.8295,100,100,+0.275439ms,+0.213276ms
5,2,15.8426,100,100,+0.268817ms,+0.212167ms
6,2,17.9504,100,99.9833,+0.287094ms,+0.216728ms
7,2,17.5524,100,99.9833,+0.28243ms,+0.213823ms
8,2,17.7293,100,99.9668,+0.270827ms,+0.21324ms
9,2,17.7735,100,99.9837,+0.267162ms,+0.213793ms
10,2,17.3224,100,99.9499,+0.270739ms,+0.210942ms
11,2,17.5907,100,100,+0.285655ms,+0.214372ms
12,2,17.7764,100,99.9834,+0.266134ms,+0.213687ms
13,2,17.8089,100,100,+0.268809ms,+0.21406ms
14,2,17.4757,100,100,+0.264997ms,+0.214009ms
15,2,17.2723,100,100,+0.288545ms,+0.213003ms
16,2,17.5288,100,99.9664,+0.282802ms,+0.212211ms
17,2,17.4345,100,99.9834,+0.274961ms,+0.213563ms
18,2,17.856,100,99.9836,+0.282019ms,+0.21585ms
19,2,18.198,100,100,+0.268915ms,+0.213394ms
20,2,17.3224,100,99.9827,+0.306543ms,+0.21465ms
21,2,15.9074,100,100,+0.269982ms,+0.210542ms
22,2,17.5553,100,99.983,+0.266681ms,+0.213926ms
23,2,17.6644,100,100,+0.266625ms,+0.213286ms
24,2,17.6909,100,100,+0.272481ms,+0.212447ms
25,2,17.3961,100,99.9827,+0.280396ms,+0.213446ms
26,2,17.6851,100,99.9838,+0.275227ms,+0.214764ms
27,2,17.6644,100,99.9837,+0.271769ms,+0.216145ms
28,2,17.3932,100,100,+0.271799ms,+0.209646ms
29,2,17.5583,100,99.9835,+0.275349ms,+0.214433ms
30,2,17.346,100,100,+0.277423ms,+0.216553ms
31,2,16.5619,100,100,+0.275431ms,+0.212427ms
32,2,17.4109,100,100,+0.26622ms,+0.211188ms
33,2,17.688,100,100,+0.270262ms,+0.215181ms
34,2,17.7735,100,99.983,+0.280837ms,+0.213581ms
35,2,17.5082,100,99.9663,+0.270858ms,+0.212517ms
36,2,17.9681,100,100,+0.267358ms,+0.212113ms
37,2,17.7676,100,100,+0.271054ms,+0.212118ms
38,2,18.3837,100,100,+0.277841ms,+0.213649ms
39,2,17.6968,100,99.9833,+0.268572ms,+0.213516ms
40,2,17.4816,100,99.983,+0.268067ms,+0.214132ms
41,2,17.803,100,100,+0.275192ms,+0.217138ms
42,2,17.4197,100,100,+0.272448ms,+0.213595ms
43,2,17.5671,100,99.9832,+0.276472ms,+0.214477ms
44,2,17.6703,100,99.9834,+0.269244ms,+0.213086ms
45,2,17.3755,100,100,+0.282038ms,+0.213917ms
46,2,17.178,100,100,+0.265759ms,+0.213932ms
47,2,17.2782,100,100,+0.274305ms,+0.213905ms
48,2,17.6998,100,100,+0.280784ms,+0.2155ms
49,2,17.7823,100,99.9673,+0.275533ms,+0.214377ms
50,2,17.5465,100,100,+0.26664ms,+0.213007ms
1,3,17.7607,100,99.9776,+0.385556ms,+0.257061ms
2,3,17.747,100,100,+0.38652ms,+0.258451ms
3,3,17.8649,100,99.9886,+0.369769ms,+0.254427ms
4,3,17.7725,100,100,+0.385523ms,+0.254862ms
5,3,15.2706,100,100,+0.380483ms,+0.252792ms
6,3,17.9062,100,100,+0.388612ms,+0.256155ms
7,3,17.686,100,99.9666,+0.395726ms,+0.259853ms
8,3,16.7741,100,100,+0.368429ms,+0.252464ms
9,3,17.8177,100,100,+0.385324ms,+0.255924ms
10,3,17.2458,100,99.9887,+0.375106ms,+0.256717ms
11,3,17.6546,100,99.9888,+0.377524ms,+0.256784ms
12,3,16.9412,100,99.9868,+0.365849ms,+0.250154ms
13,3,17.6271,100,99.9886,+0.383366ms,+0.256577ms
14,3,17.5956,100,99.9888,+0.3828ms,+0.254418ms
15,3,17.3775,100,99.9888,+0.373655ms,+0.249757ms
16,3,16.6267,100,99.9613,+0.388283ms,+0.251995ms
17,3,17.5603,100,99.989,+0.391196ms,+0.258221ms
18,3,17.7548,100,100,+0.392963ms,+0.2537ms
19,3,18.1164,100,100,+0.389068ms,+0.258854ms
20,3,17.1239,100,99.9885,+0.399935ms,+0.255682ms
21,3,17.3775,100,100,+0.364861ms,+0.251607ms
22,3,17.572,100,99.9777,+0.378288ms,+0.254267ms
23,3,17.6801,100,99.9887,+0.380564ms,+0.253231ms
24,3,15.8347,100,99.9745,+0.381603ms,+0.251913ms
25,3,16.4302,100,100,+0.395162ms,+0.249945ms
26,3,17.7823,100,100,+0.394995ms,+0.254649ms
27,3,16.8704,100,99.9892,+0.391859ms,+0.247747ms
28,3,17.6251,100,99.9777,+0.395127ms,+0.254877ms
29,3,17.631,100,99.9775,+0.391385ms,+0.256173ms
30,3,17.4207,100,100,+0.378883ms,+0.254842ms
31,3,17.7863,100,100,+0.388471ms,+0.25754ms
32,3,16.5324,100,99.9889,+0.372705ms,+0.250879ms
33,3,17.6231,100,99.989,+0.393828ms,+0.259305ms
34,3,17.7725,100,100,+0.380858ms,+0.2563ms
35,3,16.6385,100,100,+0.404249ms,+0.252273ms
36,3,17.9219,100,100,+0.371185ms,+0.252681ms
37,3,16.8842,100,99.9761,+0.344985ms,+0.246633ms
38,3,17.3598,100,99.9874,+0.39882ms,+0.25621ms
39,3,17.7057,100,100,+0.391963ms,+0.256823ms
40,3,16.5088,100,99.9886,+0.418928ms,+0.257126ms
41,3,16.8586,100,100,+0.39486ms,+0.255046ms
42,3,17.6919,100,100,+0.39238ms,+0.255887ms
43,3,17.6664,100,100,+0.385224ms,+0.256814ms
44,3,17.688,100,99.9888,+0.377666ms,+0.255471ms
45,3,17.5465,100,99.9888,+0.37256ms,+0.254237ms
46,3,17.2399,100,99.9657,+0.368905ms,+0.25264ms
47,3,17.519,100,100,+0.381086ms,+0.254097ms
48,3,17.8551,100,99.978,+0.411783ms,+0.260946ms
49,3,16.5972,100,99.9868,+0.369028ms,+0.253136ms
50,3,17.6683,100,100,+0.376471ms,+0.251767ms
1,4,15.4284,100,100,+0.510354ms,+0.301078ms
2,4,17.6408,100,99.9917,+0.542293ms,+0.313021ms
3,4,17.7617,100,99.9916,+0.62978ms,+0.313764ms
4,4,17.6954,100,99.9833,+0.572285ms,+0.311955ms
5,4,17.2635,100,99.9914,+0.576966ms,+0.31643ms
6,4,17.6909,100,99.967,+0.616065ms,+0.318076ms
7,4,17.0851,100,99.9918,+0.636428ms,+0.310998ms
8,4,17.0512,100,99.9817,+0.5829ms,+0.310514ms
9,4,17.8207,100,99.9834,+0.644777ms,+0.316982ms
10,4,16.6238,100,100,+0.511356ms,+0.30483ms
11,4,17.5848,100,100,+0.520926ms,+0.312339ms
12,4,17.6335,100,99.9917,+0.557662ms,+0.312987ms
13,4,16.9318,100,99.9917,+0.59006ms,+0.309394ms
14,4,17.5789,100,99.9833,+0.610501ms,+0.313474ms
15,4,17.3033,100,99.9831,+0.574331ms,+0.30675ms
16,4,17.6526,100,99.9916,+0.578897ms,+0.314088ms
17,4,16.9554,100,99.9916,+0.549213ms,+0.306316ms
18,4,17.6585,100,99.9751,+0.591112ms,+0.31537ms
19,4,18.1361,100,99.9918,+0.595583ms,+0.315492ms
20,4,17.1898,100,99.9657,+0.608615ms,+0.31126ms
21,4,16.8596,100,100,+0.532385ms,+0.303216ms
22,4,16.099,100,100,+0.578418ms,+0.309757ms
23,4,17.6482,100,99.9917,+0.565964ms,+0.311069ms
24,4,17.6246,100,99.9834,+0.530465ms,+0.311734ms
25,4,17.4286,100,99.9743,+0.618127ms,+0.311017ms
26,4,17.8148,100,100,+0.591768ms,+0.316447ms
27,4,17.7588,100,99.975,+0.628693ms,+0.320231ms
28,4,16.8272,100,100,+0.541938ms,+0.303519ms
29,4,16.8567,100,99.9916,+0.518909ms,+0.303595ms
30,4,17.2856,100,100,+0.554007ms,+0.310326ms
31,4,14.6309,100,99.9918,+0.513112ms,+0.304707ms
32,4,17.5185,100,99.9914,+0.59396ms,+0.313491ms
33,4,17.5981,100,100,+0.572646ms,+0.311581ms
34,4,17.8413,100,99.9916,+0.525833ms,+0.303716ms
35,4,16.8213,100,100,+0.567667ms,+0.302565ms
36,4,17.747,100,99.9835,+0.614849ms,+0.319591ms
37,4,17.9017,100,99.9919,+0.600585ms,+0.317413ms
38,4,17.489,100,99.9918,+0.586083ms,+0.315583ms
39,4,17.7204,100,99.9831,+0.590372ms,+0.311869ms
40,4,16.8095,100,100,+0.609779ms,+0.309509ms
41,4,16.273,100,99.9918,+0.678524ms,+0.309152ms
42,4,17.6084,100,99.9915,+0.573512ms,+0.314609ms
43,4,17.5701,100,99.9835,+0.53433ms,+0.313723ms
44,4,17.5553,100,99.9834,+0.531364ms,+0.307942ms
45,4,17.5332,100,100,+0.542587ms,+0.310615ms
46,4,17.3578,100,99.9914,+0.594225ms,+0.313266ms
47,4,17.5244,100,99.9916,+0.548192ms,+0.306836ms
48,4,17.6747,100,99.9831,+0.638161ms,+0.317026ms
49,4,17.6968,100,100,+0.579035ms,+0.31278ms
50,4,17.5789,100,99.9914,+0.570217ms,+0.315909ms
