6,1,37.8936,100,99.9844,+140.246ms,+0.223847ms
42,1,37.8641,100,99.9844,+140.605ms,+0.224708ms
43,1,38.0469,100,100,+139.721ms,+0.223458ms
1,1,38.1353,100,99.9845,+125.568ms,+0.224423ms
34,1,38.0528,100,99.9845,+137.969ms,+0.224295ms
19,1,38.2709,100,99.9846,+123.835ms,+0.223194ms
13,1,37.9761,100,100,+131.582ms,+0.224804ms
48,1,37.9938,100,100,+139.428ms,+0.222888ms
47,1,38.2709,100,99.9846,+134.538ms,+0.22289ms
26,1,37.9526,100,99.9845,+141.845ms,+0.223689ms
45,1,37.8936,100,100,+132.496ms,+0.224603ms
28,1,37.9467,100,99.9845,+137.86ms,+0.224017ms
11,1,37.9054,100,99.9844,+130.756ms,+0.224394ms
38,1,38.2179,100,100,+125.92ms,+0.224697ms
15,1,38.0646,100,99.9845,+133.704ms,+0.224249ms
36,1,37.8995,100,99.9844,+139.012ms,+0.224592ms
31,1,38.212,100,100,+132.544ms,+0.222995ms
10,1,38.324,100,99.9846,+131.144ms,+0.221019ms
35,1,37.9938,100,99.9845,+140.69ms,+0.224865ms
20,1,38.212,100,100,+132.659ms,+0.223281ms
7,1,37.8936,100,100,+141.725ms,+0.221701ms
12,1,37.9408,100,99.9845,+137.294ms,+0.225353ms
50,1,37.9113,100,100,+139.043ms,+0.22446ms
5,1,38.0941,100,99.9845,+135.171ms,+0.223092ms
9,1,37.8464,100,99.9844,+140.949ms,+0.217951ms
32,1,38.1294,100,99.9845,+137.312ms,+0.222466ms
25,1,38.2415,100,99.9846,+134.733ms,+0.222752ms
41,1,38.0115,100,99.9845,+140.103ms,+0.223445ms
29,1,38.041,100,100,+132.162ms,+0.222933ms
33,1,37.9761,100,99.9845,+137.026ms,+0.224836ms
24,1,37.8759,100,99.9844,+142.437ms,+0.224417ms
18,1,37.9408,100,99.9845,+139.489ms,+0.22435ms
21,1,37.8936,100,100,+142.55ms,+0.22216ms
4,1,38.0941,100,100,+137.301ms,+0.219357ms
23,1,37.8346,100,99.9844,+141.115ms,+0.224077ms
3,1,37.87,100,99.9844,+140.648ms,+0.224257ms
44,1,37.8995,100,99.9844,+141.767ms,+0.223897ms
30,1,37.8995,100,99.9844,+138.075ms,+0.224062ms
37,1,37.7816,100,99.9844,+143.201ms,+0.224655ms
27,1,37.9938,100,100,+127.054ms,+0.224873ms
14,1,37.9526,100,99.9845,+139.714ms,+0.220419ms
8,1,38.0056,100,100,+141.708ms,+0.223943ms
22,1,38.0587,100,100,+129.584ms,+0.223002ms
46,1,37.982,100,100,+136.283ms,+0.225034ms
2,1,38.0233,100,99.9845,+139.479ms,+0.225184ms
39,1,37.7816,100,99.9844,+141.738ms,+0.224999ms
49,1,37.9879,100,99.9845,+135.742ms,+0.223743ms
40,1,37.87,100,100,+140.007ms,+0.219675ms
16,1,38.1235,100,100,+137.079ms,+0.219473ms
17,1,37.9584,100,100,+141.966ms,+0.225044ms
8,2,20.0051,100,99.9852,+251.542ms,+0.29185ms
40,2,20.0317,100,100,+261.665ms,+0.299115ms
46,2,20.0228,100,99.9853,+247.072ms,+0.297632ms
30,2,19.9845,100,99.9852,+252.851ms,+0.295711ms
47,2,20.1407,100,100,+254.987ms,+0.297348ms
27,2,20.1525,100,100,+232.39ms,+0.299179ms
32,2,20.2174,100,99.9708,+230.485ms,+0.297751ms
42,2,20.4178,100,99.9711,+238.241ms,+0.280645ms
35,2,20.1289,100,99.9854,+236.668ms,+0.291489ms
13,2,20.1348,100,99.9852,+257.727ms,+0.294236ms
4,2,20.1348,100,99.9707,+247.034ms,+0.293777ms
24,2,20.0435,100,99.9854,+253.867ms,+0.29468ms
34,2,20.1083,100,100,+251.084ms,+0.297022ms
31,2,28.9995,100,99.9896,+217.393ms,+0.356574ms
37,2,20.182,100,100,+250.07ms,+0.295211ms
25,2,20.0965,100,99.9852,+247.121ms,+0.294399ms
28,2,20.238,100,99.9856,+235.634ms,+0.296805ms
39,2,20.1732,100,100,+256.991ms,+0.298305ms
2,2,19.899,100,99.9851,+253.237ms,+0.29527ms
44,2,20.0906,100,100,+245.995ms,+0.29567ms
22,2,20.2144,100,100,+246.178ms,+0.290898ms
33,2,20.1909,100,99.9708,+235.758ms,+0.298832ms
20,2,20.1024,100,99.9854,+234.73ms,+0.292394ms
45,2,19.9963,100,99.9556,+237.314ms,+0.295743ms
14,2,20.1584,100,99.9707,+243.378ms,+0.294834ms
29,2,20.1496,100,99.9854,+233.562ms,+0.29934ms
23,2,20.0346,100,99.9706,+251.618ms,+0.296052ms
38,2,20.1673,100,100,+242.053ms,+0.292358ms
11,2,19.8695,100,100,+236.415ms,+0.295595ms
26,2,20.0169,100,99.9852,+257.994ms,+0.293602ms
9,2,20.1496,100,99.9707,+247.66ms,+0.297132ms
18,2,19.9078,100,99.9852,+263.007ms,+0.288998ms
49,2,20.1938,100,99.9709,+249.431ms,+0.294891ms
43,2,20.1909,100,100,+249.725ms,+0.293619ms
12,2,20.2852,100,99.9855,+232.148ms,+0.295196ms
50,2,20.0641,100,99.9559,+252.07ms,+0.295126ms
15,2,20.2439,100,100,+233.946ms,+0.300332ms
10,2,20.0847,100,100,+252.208ms,+0.295439ms
19,2,19.958,100,100,+259.405ms,+0.292366ms
48,2,20.0729,100,100,+245.976ms,+0.297598ms
17,2,19.9432,100,99.9853,+261.006ms,+0.281415ms
16,2,20.1673,100,99.9707,+241.757ms,+0.293405ms
3,2,20.2115,100,99.9708,+241.742ms,+0.294188ms
5,2,29.0879,100,99.9797,+211.069ms,+0.340187ms
6,2,20.1496,100,100,+252.551ms,+0.299095ms
21,2,28.5809,100,100,+221.791ms,+0.355121ms
41,2,20.2056,100,100,+239.431ms,+0.295784ms
7,2,29.0643,100,99.99,+218.593ms,+0.354773ms
36,2,20.2351,100,100,+255.553ms,+0.295462ms
1,2,20.1289,100,100,+252.485ms,+0.299121ms
19,3,13.4842,100,99.9854,+351.745ms,+0.369451ms
34,3,13.4743,100,100,+353.933ms,+0.364957ms
30,3,13.7259,100,99.9859,+340.782ms,+0.366245ms
47,3,13.5372,100,99.9853,+353.382ms,+0.360206ms
10,3,13.4959,100,99.9709,+355.62ms,+0.351174ms
35,3,17.4581,100,99.99,+316.815ms,+0.430703ms
26,3,13.663,100,100,+345.477ms,+0.360656ms
7,3,13.5018,100,99.9709,+359.605ms,+0.355677ms
37,3,13.6119,100,99.9714,+352.775ms,+0.350915ms
25,3,14.5081,100,100,+275.751ms,+0.366131ms
13,3,13.6846,100,99.9854,+337.336ms,+0.359065ms
46,3,13.5313,100,99.9278,+370.196ms,+0.358555ms
27,3,15.9683,100,99.9361,+267.986ms,+0.428355ms
1,3,13.7514,100,99.9858,+361.082ms,+0.367194ms
9,3,13.6433,100,99.9706,+365.023ms,+0.35067ms
17,3,13.6257,100,100,+365.755ms,+0.352009ms
18,3,13.6768,100,99.985,+350.477ms,+0.366044ms
40,3,21.2944,100,99.9851,+274.347ms,+0.419934ms
20,3,13.8104,100,100,+341.652ms,+0.363004ms
32,3,17.4423,100,100,+284.248ms,+0.390821ms
50,3,13.549,100,100,+371.485ms,+0.35892ms
2,3,13.6532,100,99.9566,+350.336ms,+0.347037ms
49,3,17.5917,100,99.9685,+294.432ms,+0.436964ms
36,3,13.5549,100,99.9852,+363.428ms,+0.36308ms
23,3,13.6355,100,99.9861,+351.422ms,+0.362141ms
48,3,13.7573,100,99.9714,+315.35ms,+0.371947ms
6,3,13.5844,100,99.9858,+361.773ms,+0.357907ms
3,3,13.8418,100,99.9717,+340.694ms,+0.364674ms
28,3,13.7161,100,99.9711,+346.505ms,+0.361767ms
12,3,16.6169,100,99.9185,+238.915ms,+0.419362ms
5,3,20.7814,100,99.9627,+289.237ms,+0.459002ms
4,3,13.3977,100,99.9425,+357.49ms,+0.360422ms
41,3,17.6546,100,99.9786,+277.195ms,+0.444551ms
33,3,13.5647,100,99.9854,+349.406ms,+0.340964ms
43,3,13.6787,100,99.9856,+357.336ms,+0.364895ms
22,3,13.6944,100,100,+356.909ms,+0.364582ms
45,3,13.6257,100,99.9711,+355.642ms,+0.358837ms
11,3,13.6944,100,99.9857,+364.833ms,+0.359682ms
24,3,20.3196,100,99.9185,+305.833ms,+0.473ms
29,3,13.5726,100,99.9711,+362.852ms,+0.366921ms
14,3,13.5824,100,100,+343.558ms,+0.359133ms
31,3,13.5411,100,100,+353.847ms,+0.361959ms
16,3,17.0473,100,99.9255,+282.883ms,+0.44334ms
15,3,13.7337,100,99.9714,+343.35ms,+0.361013ms
8,3,17.5504,100,99.9752,+280.638ms,+0.410243ms
42,3,13.5254,100,100,+352.136ms,+0.352886ms
39,3,13.7672,100,99.9572,+341.388ms,+0.362877ms
38,3,16.725,100,99.9902,+287.494ms,+0.426187ms
44,3,17.3048,100,99.9405,+232.366ms,+0.435915ms
21,3,13.9008,100,99.9723,+329.029ms,+0.364176ms
30,4,8.86316,100,99.4767,+642.206ms,+0.498501ms
34,4,8.6229,100,99.2389,+661.953ms,+0.442938ms
29,4,9.86253,100,99.4258,+482.274ms,+0.483668ms
44,4,9.11079,100,99.1583,+618.691ms,+0.453591ms
9,4,9.07984,100,99.4645,+660.805ms,+0.442209ms
8,4,9.58837,100,99.2924,+488.395ms,+0.485585ms
42,4,8.88675,100,99.4339,+642.409ms,+0.466082ms
6,4,8.95013,100,99.5111,+678.617ms,+0.511974ms
15,4,9.26409,100,99.42,+631.005ms,+0.46336ms
41,4,11.4618,100,98.8292,+389.382ms,+0.596213ms
13,4,11.6932,100,98.8576,+416.63ms,+0.537148ms
26,4,8.88232,100,99.3754,+653.364ms,+0.458896ms
38,4,10.063,100,99.4203,+475.68ms,+0.475381ms
46,4,8.78209,100,99.4373,+668.913ms,+0.438805ms
50,4,9.00761,100,99.3747,+669.781ms,+0.443693ms
47,4,8.92949,100,99.4494,+643.688ms,+0.462133ms
5,4,9.63112,100,99.4106,+482.159ms,+0.453684ms
20,4,8.95897,100,99.3409,+670.703ms,+0.467051ms
1,4,12.868,100,99.0457,+489.605ms,+0.573482ms
4,4,8.98108,100,99.3787,+670.329ms,+0.463714ms
40,4,9.85369,100,99.4221,+477.092ms,+0.474314ms
33,4,9.44834,100,99.5486,+595.315ms,+0.440027ms
25,4,9.18155,100,99.5114,+644.146ms,+0.431933ms
24,4,8.67449,100,99.4737,+656.406ms,+0.454395ms
35,4,9.39822,100,99.2954,+567.056ms,+0.476942ms
49,4,8.84842,100,99.7349,+625.584ms,+0.457782ms
18,4,9.22282,100,99.4237,+635.465ms,+0.440635ms
7,4,11.7168,100,98.9291,+404.653ms,+0.53159ms
23,4,9.12848,100,99.5965,+644.943ms,+0.449449ms
39,4,9.18597,100,99.5276,+635.982ms,+0.456233ms
2,4,9.30831,100,99.6015,+646.173ms,+0.432247ms
19,4,9.72987,100,99.3301,+480.99ms,+0.468602ms
48,4,11.1744,100,99.0217,+402.797ms,+0.528942ms
31,4,11.8554,100,98.8482,+400.539ms,+0.544965ms
21,4,9.7343,100,99.4069,+541.437ms,+0.472949ms
27,4,9.30094,100,99.6284,+641.424ms,+0.461992ms
37,4,9.08574,100,99.368,+652.211ms,+0.484052ms
43,4,8.96487,100,99.3213,+658.742ms,+0.447122ms
17,4,10.0158,100,99.3615,+501.59ms,+0.485866ms
45,4,8.87053,100,99.5129,+655.383ms,+0.456815ms
10,4,9.53973,100,99.3426,+495.499ms,+0.481279ms
12,4,9.20366,100,99.3495,+636.569ms,+0.450859ms
36,4,8.8101,100,99.2636,+680.12ms,+0.425897ms
14,4,8.75998,100,99.2978,+671.237ms,+0.428636ms
28,4,9.86253,100,99.4107,+546.108ms,+0.495516ms
3,4,8.59342,100,99.3032,+663.043ms,+0.420794ms
22,4,11.4397,100,98.8989,+406.184ms,+0.534848ms
11,4,9.22134,100,99.5807,+634.184ms,+0.441381ms
16,4,9.32452,100,99.5582,+654.312ms,+0.489346ms
32,4,8.87201,100,99.3087,+670.854ms,+0.442077ms
