1,1,112.65,100,97.4005,+44.434ms,+0.21527ms
2,1,113.052,100,97.4146,+44.8203ms,+0.214658ms
3,1,112.776,100,97.4084,+43.9046ms,+0.214639ms
4,1,112.848,100,97.405,+43.5389ms,+0.215354ms
5,1,113.052,100,97.4146,+39.5099ms,+0.215419ms
6,1,112.854,100,97.4051,+45.4835ms,+0.214993ms
7,1,113.058,100,97.4197,+41.5031ms,+0.214724ms
8,1,113.16,100,97.417,+43.5781ms,+0.214726ms
9,1,112.764,100,97.4081,+44.1393ms,+0.214818ms
10,1,113.244,100,97.4138,+39.8916ms,+0.214986ms
11,1,112.644,100,97.4105,+41.7298ms,+0.21496ms
12,1,112.878,100,97.4056,+43.4607ms,+0.214513ms
13,1,113.1,100,97.4156,+44.2803ms,+0.214429ms
14,1,112.902,100,97.4062,+41.6198ms,+0.214832ms
15,1,112.92,100,97.4116,+40.6858ms,+0.21508ms
16,1,112.962,100,97.4125,+42.6562ms,+0.214814ms
17,1,112.71,100,97.4019,+42.8493ms,+0.214794ms
18,1,113.01,100,97.4086,+45.711ms,+0.215094ms
19,1,113.142,100,97.4166,+46.0366ms,+0.214453ms
20,1,113.022,100,97.4139,+38.5478ms,+0.215332ms
21,1,113.052,100,97.4146,+41.0194ms,+0.214527ms
22,1,112.68,100,97.4012,+41.8252ms,+0.214896ms
23,1,113.112,100,97.4159,+42.3315ms,+0.214522ms
24,1,113.208,100,97.418,+43.6418ms,+0.215581ms
25,1,112.71,100,97.4019,+41.2322ms,+0.215139ms
26,1,112.89,100,97.4109,+43.696ms,+0.215111ms
27,1,113.388,100,97.417,+44.4651ms,+0.214843ms
28,1,112.986,100,97.4131,+40.9107ms,+0.214434ms
29,1,113.076,100,97.41,+43.3405ms,+0.214759ms
30,1,112.548,100,97.3982,+41.8314ms,+0.215004ms
31,1,112.872,100,97.4105,+46.0302ms,+0.214992ms
32,1,113.004,100,97.4084,+40.3638ms,+0.215277ms
33,1,112.59,100,97.4042,+43.8126ms,+0.214351ms
34,1,112.938,100,97.407,+45.0919ms,+0.215077ms
35,1,113.256,100,97.4141,+41.8696ms,+0.215175ms
36,1,112.698,100,97.4016,+45.5079ms,+0.215482ms
37,1,112.842,100,97.4048,+43.5458ms,+0.214986ms
38,1,113.178,100,97.4123,+46.6317ms,+0.21511ms
39,1,112.932,100,97.4068,+44.2219ms,+0.215119ms
40,1,113.022,100,97.4088,+44.5183ms,+0.214743ms
41,1,112.8,100,97.4039,+43.9678ms,+0.214658ms
42,1,113.016,100,97.4087,+43.168ms,+0.214838ms
43,1,113.172,100,97.4122,+42.1141ms,+0.214809ms
44,1,112.662,100,97.4008,+42.9763ms,+0.214936ms
45,1,112.908,100,97.4063,+41.2138ms,+0.214851ms
46,1,113.208,100,97.413,+39.0178ms,+0.215525ms
47,1,112.908,100,97.4063,+40.2264ms,+0.214691ms
48,1,112.872,100,97.4105,+44.4745ms,+0.214754ms
49,1,113.19,100,97.4126,+44.413ms,+0.215149ms
50,1,112.998,100,97.4083,+42.5062ms,+0.214664ms
1,2,58.44,100,95.1064,+98.5132ms,+0.301467ms
2,2,58.287,100,95.0945,+97.5477ms,+0.301607ms
3,2,58.554,100,95.116,+97.0761ms,+0.30218ms
4,2,58.35,100,95.0993,+97.2486ms,+0.301907ms
5,2,58.212,100,95.0929,+98.9878ms,+0.304151ms
6,2,58.296,100,95.0951,+97.3295ms,+0.303573ms
7,2,58.443,100,95.1064,+96.9811ms,+0.302079ms
8,2,58.227,100,95.0943,+97.5944ms,+0.303751ms
9,2,58.464,100,95.1083,+97.2405ms,+0.301693ms
10,2,58.809,100,95.1357,+96.6232ms,+0.299758ms
11,2,58.494,100,95.1106,+96.9572ms,+0.302882ms
12,2,58.458,100,95.1079,+97.1586ms,+0.302066ms
13,2,58.497,100,95.1109,+97.277ms,+0.302044ms
14,2,58.479,100,95.1094,+97.0954ms,+0.300592ms
15,2,58.494,100,95.1105,+97.17ms,+0.300565ms
16,2,58.284,100,95.1033,+97.4551ms,+0.303218ms
17,2,58.173,100,95.0848,+97.8007ms,+0.307128ms
18,2,58.116,100,95.0852,+97.9853ms,+0.30604ms
19,2,58.548,100,95.1149,+97.0612ms,+0.300079ms
20,2,58.458,100,95.1078,+97.1968ms,+0.302322ms
21,2,58.329,100,95.0975,+97.4465ms,+0.303546ms
22,2,58.479,100,95.114,+98.4829ms,+0.301441ms
23,2,58.326,100,95.0973,+97.437ms,+0.302578ms
24,2,58.182,100,95.0861,+97.7523ms,+0.305908ms
25,2,58.44,100,95.1063,+97.1344ms,+0.302806ms
26,2,58.308,100,95.0959,+97.5308ms,+0.302108ms
27,2,58.152,100,95.0881,+97.7781ms,+0.305363ms
28,2,58.362,100,95.1,+97.2525ms,+0.303316ms
29,2,58.476,100,95.1093,+97.118ms,+0.301931ms
30,2,58.011,100,95.0766,+97.9565ms,+0.306533ms
31,2,58.125,100,95.0808,+97.9507ms,+0.303959ms
32,2,58.617,100,95.1205,+96.7771ms,+0.301128ms
33,2,58.329,100,95.1024,+97.5418ms,+0.30437ms
34,2,58.056,100,95.0848,+98.0111ms,+0.3062ms
35,2,58.221,100,95.0889,+97.6413ms,+0.305082ms
36,2,58.386,100,95.102,+97.561ms,+0.302501ms
37,2,58.446,100,95.1116,+97.2528ms,+0.302042ms
38,2,58.158,100,95.0841,+97.9047ms,+0.304723ms
39,2,58.401,100,95.1034,+97.4946ms,+0.304002ms
40,2,58.2,100,95.0875,+97.8214ms,+0.305883ms
41,2,58.185,100,95.0907,+97.9486ms,+0.30404ms
42,2,58.251,100,95.0913,+97.7351ms,+0.305091ms
43,2,58.38,100,95.1017,+97.5379ms,+0.303446ms
44,2,58.608,100,95.1198,+96.9208ms,+0.300494ms
45,2,58.269,100,95.0928,+97.4746ms,+0.303096ms
46,2,58.236,100,95.095,+97.6869ms,+0.30407ms
47,2,58.776,100,95.1331,+96.7059ms,+0.299742ms
48,2,58.188,100,95.0868,+97.6805ms,+0.303084ms
49,2,58.356,100,95.0998,+97.5011ms,+0.300954ms
50,2,58.323,100,95.1017,+97.6071ms,+0.304699ms
1,3,38.562,100,92.7656,+146.332ms,+0.397522ms
2,3,38.724,100,92.79,+145.676ms,+0.395675ms
3,3,38.552,100,92.7622,+146.197ms,+0.399421ms
4,3,38.632,100,92.7761,+146.034ms,+0.397016ms
5,3,38.7,100,92.7881,+145.785ms,+0.397226ms
6,3,38.482,100,92.7557,+146.607ms,+0.401381ms
7,3,38.584,100,92.7718,+145.811ms,+0.398846ms
8,3,38.588,100,92.7702,+146.022ms,+0.399414ms
9,3,38.538,100,92.7659,+146.509ms,+0.399598ms
10,3,38.552,100,92.7629,+148.226ms,+0.399264ms
11,3,38.644,100,92.779,+146.185ms,+0.397417ms
12,3,38.614,100,92.7732,+146.296ms,+0.398909ms
13,3,38.586,100,92.7694,+146.216ms,+0.397302ms
14,3,38.604,100,92.7714,+146.054ms,+0.399761ms
15,3,38.806,100,92.8044,+145.517ms,+0.394908ms
16,3,38.542,100,92.7617,+146.385ms,+0.400292ms
17,3,38.63,100,92.7724,+148.769ms,+0.399684ms
18,3,38.714,100,92.7951,+145.71ms,+0.394824ms
19,3,38.82,100,92.8101,+145.354ms,+0.394272ms
20,3,38.554,100,92.768,+146.198ms,+0.397212ms
21,3,38.726,100,92.7937,+145.511ms,+0.396146ms
22,3,38.544,100,92.7609,+146.769ms,+0.399931ms
23,3,38.708,100,92.7867,+146.221ms,+0.397631ms
24,3,38.68,100,92.7879,+146.248ms,+0.396024ms
25,3,38.672,100,92.7856,+145.961ms,+0.396937ms
26,3,38.754,100,92.8037,+145.909ms,+0.39779ms
27,3,38.652,100,92.7814,+146.193ms,+0.39984ms
28,3,38.7,100,92.7898,+147.754ms,+0.397027ms
29,3,38.736,100,92.7986,+145.896ms,+0.398202ms
30,3,38.65,100,92.7805,+146.017ms,+0.399246ms
31,3,38.522,100,92.7503,+146.618ms,+0.403718ms
32,3,38.814,100,92.8069,+145.142ms,+0.395726ms
33,3,38.642,100,92.7743,+148.099ms,+0.397286ms
34,3,38.778,100,92.7984,+145.58ms,+0.395196ms
35,3,38.754,100,92.7981,+145.391ms,+0.394815ms
36,3,38.462,100,92.747,+146.865ms,+0.399439ms
37,3,38.702,100,92.788,+145.736ms,+0.395697ms
38,3,37.322,100,80.1316,+68.6517ms,+0.345601ms
39,3,38.678,100,92.7843,+145.874ms,+0.396691ms
40,3,38.766,100,92.8002,+145.5ms,+0.396064ms
41,3,38.65,100,92.7809,+146.192ms,+0.395533ms
42,3,38.662,100,92.7817,+146.03ms,+0.395927ms
43,3,38.586,100,92.7728,+146.281ms,+0.399564ms
44,3,38.752,100,92.798,+145.813ms,+0.39805ms
45,3,38.69,100,92.7876,+148.046ms,+0.395556ms
46,3,38.468,100,92.7518,+146.837ms,+0.399139ms
47,3,38.71,100,92.7956,+145.681ms,+0.395912ms
48,3,38.476,100,92.7551,+146.74ms,+0.400815ms
49,3,38.662,100,92.7813,+146.031ms,+0.39486ms
50,3,38.858,100,92.821,+145.135ms,+0.392925ms
1,4,28.557,100,90.4684,+198.191ms,+0.500865ms
2,4,28.3455,100,90.3954,+199.459ms,+0.507443ms
3,4,28.5375,100,90.4584,+195.128ms,+0.497868ms
4,4,28.4355,100,90.4301,+195.582ms,+0.504996ms
5,4,28.449,100,90.4275,+195.984ms,+0.502235ms
6,4,28.5615,100,90.456,+195.208ms,+0.501843ms
7,4,28.4085,100,90.4278,+198.981ms,+0.506841ms
8,4,28.4655,100,90.4371,+198.35ms,+0.501184ms
9,4,28.5735,100,82.0428,+157.526ms,+0.422418ms
10,4,28.389,100,90.4066,+196.115ms,+0.504227ms
11,4,28.4775,100,90.4493,+195.883ms,+0.502679ms
12,4,28.488,100,90.4461,+195.566ms,+0.500923ms
13,4,28.4685,100,90.4429,+198.561ms,+0.502597ms
14,4,28.5285,100,90.4616,+195.567ms,+0.503346ms
15,4,28.4445,100,90.4269,+196.112ms,+0.502929ms
16,4,28.4865,100,90.4487,+195.422ms,+0.501769ms
16,4,28.4865,100,90.4487,+195.422ms,+0.501769ms
17,4,28.4295,100,90.4244,+198.926ms,+0.502999ms
18,4,28.4715,100,90.4389,+196.085ms,+0.504486ms
19,4,28.539,100,90.4612,+195.369ms,+0.499924ms
20,4,28.3515,100,90.4025,+196.026ms,+0.504233ms
21,4,28.47,100,90.4295,+195.818ms,+0.50466ms
22,4,28.365,100,90.4063,+196.523ms,+0.50719ms
23,4,28.4295,100,90.4268,+196.173ms,+0.505623ms
24,4,28.44,100,90.4434,+196.071ms,+0.503939ms
25,4,28.4685,100,90.442,+195.964ms,+0.504396ms
26,4,28.62,100,82.0236,+139.252ms,+0.434394ms
27,4,28.3515,100,90.3975,+196.493ms,+0.509027ms
28,4,28.485,100,90.4454,+195.374ms,+0.5017ms
29,4,28.527,100,90.4489,+198.023ms,+0.503134ms
30,4,28.4745,100,90.4471,+196.03ms,+0.503456ms
31,4,28.3575,100,90.411,+196.411ms,+0.50273ms
32,4,28.4235,100,90.421,+195.82ms,+0.502819ms
33,4,28.407,100,90.4126,+196.679ms,+0.507413ms
34,4,28.4925,100,90.4375,+195.572ms,+0.502899ms
35,4,28.4955,100,90.4505,+195.503ms,+0.503385ms
36,4,28.515,100,90.4328,+195.365ms,+0.501277ms
37,4,28.506,100,90.458,+198.534ms,+0.501244ms
38,4,28.542,100,90.4553,+195.57ms,+0.503811ms
39,4,28.4895,100,90.4487,+195.673ms,+0.504551ms
40,4,28.4385,100,90.43,+199.189ms,+0.504663ms
41,4,28.464,100,90.4403,+195.873ms,+0.502522ms
42,4,28.5165,100,90.458,+195.815ms,+0.505724ms
43,4,28.347,100,90.4007,+196.633ms,+0.507626ms
44,4,28.395,100,90.417,+196.282ms,+0.507445ms
45,4,28.395,100,90.4208,+196.159ms,+0.506486ms
46,4,28.437,100,90.4153,+196.093ms,+0.503823ms
47,4,28.4955,100,90.4477,+195.494ms,+0.49998ms
48,4,28.41,100,90.4157,+196.162ms,+0.50227ms
49,4,28.503,100,90.453,+196.13ms,+0.503941ms
50,4,28.47,100,90.4376,+198.791ms,+0.504707ms
