1,1,6.00802,100,99.9017,+0.17085ms,+0.175271ms
2,1,6.07878,100,99.9028,+0.165419ms,+0.174973ms
3,1,5.97265,100,99.9011,+0.166058ms,+0.174534ms
4,1,5.77808,100,99.8978,+0.166384ms,+0.174474ms
5,1,5.76629,100,99.8975,+0.17291ms,+0.177095ms
6,1,6.10236,100,99.9032,+0.166373ms,+0.174739ms
7,1,5.72502,100,99.8968,+0.166816ms,+0.176669ms
8,1,5.84294,100,99.8989,+0.165869ms,+0.175706ms
9,1,6.00213,100,99.9016,+0.165641ms,+0.174523ms
10,1,5.87831,100,99.8995,+0.167277ms,+0.174354ms
11,1,5.53634,100,99.8933,+0.16644ms,+0.172155ms
12,1,5.95496,100,99.9008,+0.166318ms,+0.174638ms
13,1,6.10236,100,99.9032,+0.166226ms,+0.175986ms
14,1,5.78987,100,99.898,+0.166157ms,+0.173836ms
15,1,6.00802,100,99.9017,+0.166493ms,+0.174256ms
16,1,5.58941,100,99.8943,+0.165973ms,+0.175904ms
17,1,5.97265,100,99.9011,+0.166134ms,+0.173616ms
18,1,6.11415,100,99.9034,+0.165949ms,+0.17499ms
19,1,6.14953,100,99.9039,+0.165032ms,+0.174527ms
20,1,5.98444,100,99.9013,+0.166534ms,+0.174728ms
21,1,5.91958,100,99.9002,+0.165933ms,+0.174562ms
22,1,5.57762,100,99.8941,+0.166157ms,+0.173162ms
23,1,5.896,100,99.7998,+0.165714ms,+0.175438ms
24,1,6.0493,100,99.9023,+0.166841ms,+0.174899ms
25,1,5.6071,100,99.8946,+0.166969ms,+0.173855ms
26,1,5.99623,100,99.9015,+0.166191ms,+0.17427ms
27,1,6.17311,100,99.9043,+0.165981ms,+0.176127ms
28,1,5.77218,100,99.8976,+0.166477ms,+0.173451ms
29,1,5.61889,100,99.8948,+0.167494ms,+0.174406ms
30,1,5.90779,100,99.9,+0.166867ms,+0.174512ms
31,1,6.01982,100,99.9019,+0.166281ms,+0.173412ms
32,1,5.50097,100,99.8926,+0.165874ms,+0.173708ms
33,1,5.92548,100,99.9003,+0.166227ms,+0.173107ms
34,1,5.96086,100,99.9009,+0.166169ms,+0.174259ms
35,1,5.58941,100,99.8943,+0.167764ms,+0.172546ms
36,1,6.10236,100,99.9032,+0.166089ms,+0.175527ms
37,1,5.7486,100,99.8972,+0.165302ms,+0.173891ms
38,1,6.17901,100,99.9044,+0.165319ms,+0.173599ms
39,1,6.0375,100,99.9022,+0.166464ms,+0.17561ms
40,1,5.97265,100,99.9011,+0.166316ms,+0.172691ms
41,1,6.23797,100,99.9053,+0.166188ms,+0.174845ms
42,1,6.16132,100,99.9041,+0.166119ms,+0.174009ms
43,1,5.96086,100,99.9009,+0.166694ms,+0.174172ms
44,1,5.54224,100,99.787,+0.168142ms,+0.174047ms
45,1,5.86062,100,99.8992,+0.166468ms,+0.17456ms
46,1,5.94906,100,99.9007,+0.165231ms,+0.174657ms
47,1,5.97854,100,99.9012,+0.166063ms,+0.174058ms
48,1,5.84883,100,99.899,+0.166441ms,+0.173973ms
49,1,6.22618,100,99.9051,+0.165077ms,+0.176282ms
50,1,5.70733,100,99.8965,+0.166129ms,+0.174873ms
1,2,5.88716,100,99.8995,+0.169412ms,+0.17606ms
2,2,5.98739,100,99.9013,+0.168328ms,+0.176487ms
3,2,5.81346,100,99.8984,+0.167006ms,+0.174784ms
4,2,5.95496,100,99.9008,+0.169456ms,+0.176695ms
5,2,5.76629,100,99.8975,+0.17041ms,+0.176798ms
6,2,6.01687,100,99.9018,+0.169831ms,+0.176308ms
7,2,5.68669,100,99.8456,+0.16881ms,+0.177854ms
8,2,5.94906,100,99.9007,+0.16934ms,+0.176672ms
9,2,5.83704,100,99.8988,+0.167862ms,+0.176425ms
10,2,5.88716,100,99.8995,+0.170532ms,+0.176773ms
11,2,5.8164,100,99.898,+0.166708ms,+0.174346ms
12,2,5.93727,100,99.8511,+0.17ms,+0.176201ms
13,2,5.97265,100,99.901,+0.168803ms,+0.177747ms
14,2,5.669,100,99.8956,+0.167281ms,+0.174742ms
15,2,5.89305,100,99.8004,+0.168794ms,+0.175129ms
16,2,5.85768,100,99.8991,+0.167426ms,+0.175805ms
17,2,5.95201,100,99.9007,+0.166094ms,+0.174321ms
18,2,6.12889,100,99.9036,+0.167133ms,+0.175509ms
19,2,6.03161,100,99.8049,+0.170005ms,+0.176744ms
20,2,5.92253,100,99.9002,+0.166729ms,+0.174856ms
21,2,5.8282,100,99.8986,+0.167408ms,+0.175065ms
22,2,5.81051,100,99.8983,+0.165927ms,+0.173648ms
23,2,5.87536,100,99.8993,+0.170956ms,+0.177648ms
24,2,6.0493,100,99.9023,+0.168605ms,+0.177592ms
25,2,5.81935,100,99.8984,+0.168596ms,+0.175731ms
26,2,5.9638,100,99.9008,+0.169938ms,+0.177852ms
27,2,5.91664,100,99.9001,+0.170033ms,+0.176872ms
28,2,5.5953,100,99.841,+0.167128ms,+0.174148ms
29,2,5.99623,100,99.9015,+0.169245ms,+0.176868ms
30,2,5.89895,100,99.8486,+0.170349ms,+0.17543ms
31,2,6.12889,100,99.9036,+0.171529ms,+0.177826ms
32,2,5.73091,100,99.8969,+0.168176ms,+0.175356ms
33,2,5.91664,100,99.9001,+0.169196ms,+0.176948ms
34,2,6.01097,100,99.9017,+0.172464ms,+0.177584ms
35,2,5.72207,100,99.8967,+0.17088ms,+0.176002ms
36,2,6.14658,100,99.9039,+0.168559ms,+0.177048ms
37,2,5.86357,100,99.8992,+0.169186ms,+0.176809ms
38,2,6.08762,100,99.9029,+0.172594ms,+0.177134ms
39,2,5.94906,100,99.9007,+0.169315ms,+0.179328ms
40,2,6.06109,100,99.9025,+0.166559ms,+0.174603ms
41,2,5.9638,100,99.9009,+0.167687ms,+0.174704ms
42,2,6.01097,100,99.9016,+0.167594ms,+0.174863ms
43,2,6.00213,100,99.9015,+0.168476ms,+0.175779ms
44,2,5.78987,100,99.8475,+0.167819ms,+0.17518ms
45,2,5.84588,100,99.8986,+0.167764ms,+0.176221ms
46,2,5.81346,100,99.8983,+0.168127ms,+0.177516ms
47,2,5.84588,100,99.8989,+0.167886ms,+0.175926ms
48,2,5.95791,100,99.9008,+0.168663ms,+0.175977ms
49,2,6.03161,100,99.9021,+0.169391ms,+0.177242ms
50,2,5.85768,100,99.899,+0.168527ms,+0.176014ms
1,3,5.87635,100,99.8994,+0.171516ms,+0.177803ms
2,3,5.93334,100,99.9003,+0.17108ms,+0.178015ms
3,3,5.88421,100,99.8655,+0.169343ms,+0.177053ms
4,3,5.89207,100,99.8323,+0.170677ms,+0.177911ms
5,3,5.80953,100,99.8983,+0.172985ms,+0.178238ms
6,3,6.11022,100,99.9033,+0.174432ms,+0.179921ms
7,3,5.70929,100,99.8964,+0.170226ms,+0.177343ms
8,3,6.01785,100,99.9017,+0.172323ms,+0.178333ms
9,3,5.96675,100,99.901,+0.174135ms,+0.180902ms
10,3,5.90976,100,99.8998,+0.174054ms,+0.179313ms
11,3,5.83704,100,99.8988,+0.169843ms,+0.177903ms
12,3,5.89797,100,99.8998,+0.170755ms,+0.177601ms
13,3,5.90583,100,99.8999,+0.171461ms,+0.178491ms
14,3,5.77611,100,99.8637,+0.171049ms,+0.178174ms
15,3,5.8508,100,99.899,+0.170923ms,+0.178161ms
16,3,6.00409,100,99.9016,+0.174274ms,+0.180816ms
17,3,6.0375,100,99.9021,+0.173197ms,+0.177975ms
18,3,6.12987,100,99.9035,+0.171825ms,+0.178601ms
19,3,6.13184,100,99.9037,+0.172032ms,+0.177763ms
20,3,5.86259,100,99.8992,+0.17198ms,+0.177873ms
21,3,5.77415,100,99.8649,+84.3946ms,+0.179065ms
22,3,5.87242,100,99.8994,+0.170628ms,+0.177802ms
23,3,5.85669,100,99.899,+0.170244ms,+0.177519ms
24,3,5.95889,100,99.9009,+0.170601ms,+0.178278ms
25,3,5.82918,100,99.8986,+0.172319ms,+0.179245ms
26,3,5.90583,100,99.8999,+0.175672ms,+0.180301ms
27,3,6.00606,100,99.9016,+0.170665ms,+0.177721ms
28,3,5.79184,100,99.8976,+0.171669ms,+0.178076ms
29,3,5.90386,100,99.8999,+0.17062ms,+0.178041ms
30,3,5.93727,100,99.9003,+0.16941ms,+0.177368ms
31,3,6.10629,100,99.9032,+77.0751ms,+0.177315ms
32,3,5.79773,100,99.898,+0.173547ms,+0.180516ms
33,3,5.90976,100,99.8999,+0.169476ms,+0.175915ms
34,3,6.12791,100,99.9035,+79.3277ms,+0.178008ms
35,3,5.86652,100,99.8679,+0.171056ms,+0.17798ms
36,3,6.02571,100,99.8686,+0.173368ms,+0.177597ms
37,3,5.89797,100,99.8998,+0.170865ms,+0.178646ms
38,3,6.10433,100,99.9032,+0.171912ms,+0.178737ms
39,3,5.9923,100,99.87,+0.173361ms,+0.179044ms
40,3,6.00606,100,99.8699,+0.169104ms,+0.176661ms
41,3,5.99034,100,99.8679,+0.17047ms,+0.177517ms
42,3,5.96872,100,99.8341,+0.170587ms,+0.175751ms
43,3,5.84097,100,99.8988,+0.171829ms,+0.178759ms
44,3,5.82328,100,99.8984,+0.171918ms,+0.178819ms
45,3,5.86259,100,99.8991,+0.173129ms,+0.178985ms
46,3,5.78005,100,99.8978,+0.169581ms,+0.177712ms
47,3,5.81346,100,99.8651,+0.170004ms,+0.177548ms
48,3,6.01392,100,99.9018,+0.172506ms,+0.179092ms
49,3,6.0375,100,99.902,+0.174322ms,+0.180755ms
50,3,5.89797,100,99.8998,+0.171036ms,+0.178226ms
1,4,5.92548,100,99.9003,+0.178508ms,+0.180405ms
2,4,5.93285,100,99.9003,+67.7086ms,+0.180609ms
3,4,6.00802,100,99.9016,+0.176923ms,+0.181856ms
4,4,5.83409,100,99.8987,+0.173423ms,+0.179052ms
5,4,5.81346,100,99.8719,+70.8277ms,+0.1812ms
6,4,6.05667,100,99.9025,+65.5935ms,+0.18245ms
7,4,5.84441,100,99.8989,+0.17524ms,+0.181268ms
8,4,5.93138,100,99.8757,+0.174766ms,+0.180696ms
9,4,5.94464,100,99.9006,+0.174915ms,+0.181979ms
10,4,5.8621,100,99.8991,+0.174241ms,+0.179193ms
11,4,5.896,100,99.8997,+0.177296ms,+0.183326ms
12,4,5.88568,100,99.8747,+0.173182ms,+0.179143ms
13,4,5.20617,100,87.7881,+129.17ms,+0.183409ms
14,4,5.82672,100,99.8985,+0.176986ms,+0.182503ms
15,4,5.84294,100,99.8737,+0.173666ms,+0.180091ms
16,4,5.90042,100,99.8998,+0.173528ms,+0.179212ms
17,4,5.95349,100,99.9007,+0.179096ms,+0.183357ms
18,4,6.02276,100,99.8529,+0.176224ms,+0.182083ms
19,4,6.13774,100,99.8801,+0.177157ms,+0.182564ms
20,4,5.78692,100,99.8979,+0.176732ms,+0.180195ms
21,4,5.81788,100,99.8984,+71.3698ms,+0.180762ms
22,4,5.88716,100,99.8996,+0.175787ms,+0.180565ms
23,4,5.87684,100,99.8993,+0.172986ms,+0.180259ms
24,4,5.9299,100,99.8749,+0.176814ms,+0.181415ms
25,4,5.87684,100,99.8992,+0.176295ms,+0.180817ms
26,4,5.91369,100,99.849,+75.5288ms,+0.180387ms
27,4,6.00508,100,99.9016,+0.173811ms,+0.180653ms
28,4,5.77513,100,99.8722,+0.175639ms,+0.179772ms
29,4,5.87979,100,99.8994,+0.172875ms,+0.178468ms
30,4,5.87684,100,99.8993,+0.17396ms,+0.179876ms
31,4,6.06404,100,99.9026,+0.177755ms,+0.183295ms
32,4,5.80461,100,99.8981,+0.172788ms,+0.179351ms
33,4,5.90632,100,99.9,+0.176218ms,+0.181131ms
34,4,6.06698,100,99.8536,+0.177834ms,+0.180387ms
35,4,5.92253,100,99.8762,+0.177253ms,+0.183005ms
36,4,6.0434,100,99.9022,+0.177804ms,+0.182514ms
37,4,5.90484,100,99.8999,+0.17447ms,+0.180642ms
38,4,6.15542,100,99.904,+0.175708ms,+0.18182ms
39,4,5.9756,100,99.8769,+0.172629ms,+0.179987ms
40,4,5.95201,100,99.9006,+0.175522ms,+0.180087ms
41,4,5.91811,100,99.9001,+0.176136ms,+0.179815ms
42,4,5.87684,100,99.8995,+0.177473ms,+0.182846ms
43,4,5.84736,100,99.8989,+0.17849ms,+0.18237ms
44,4,5.88863,100,99.8995,+0.177153ms,+0.183554ms
45,4,5.80903,100,99.8734,+66.494ms,+0.18083ms
46,4,5.75744,100,99.8972,+0.172843ms,+0.180747ms
47,4,5.80166,100,99.8982,+0.176139ms,+0.179819ms
48,4,5.95643,100,99.8755,+0.176763ms,+0.182034ms
49,4,5.92401,100,99.9002,+0.175042ms,+0.181579ms
50,4,5.87389,100,99.8994,+0.179141ms,+0.183101ms
