0.25 0.25 1.5
1.25 0.25 1.5
2.25 0.25 1.5
3.25 0.25 1.5
4.25 0.25 1.5
5.0 0.25 1.5
6.0 0.25 1.5
7.0 0.25 1.5
8.0 0.25 1.5
9.0 0.25 1.5
10.0 0.25 1.5
11.0 0.25 1.5
12.0 0.25 1.5
13.0 0.25 1.5
14.0 0.25 1.5
15.0 0.25 1.5
16.0 0.25 1.5
17.0 0.25 1.5
18.0 0.25 1.5
19.0 0.25 1.5
19.75 0.25 1.5
19.75 1.25 1.5
19.75 2.25 1.5
19.75 3.25 1.5
19.75 4.25 1.5
19.75 5.0 1.5
19.75 6.0 1.5
19.75 7.0 1.5
19.75 8.0 1.5
19.75 9.0 1.5
19.75 10.0 1.5
19.75 11.0 1.5
19.75 12.0 1.5
19.75 13.0 1.5
19.75 14.0 1.5
19.75 15.0 1.5
19.75 16.0 1.5
19.75 17.0 1.5
19.75 18.0 1.5
19.75 19.0 1.5
19.75 19.75 1.5
18.75 19.75 1.5
17.75 19.75 1.5
16.75 19.75 1.5
15.75 19.75 1.5
15.0 19.75 1.5
14.0 19.75 1.5
13.0 19.75 1.5
12.0 19.75 1.5
11.0 19.75 1.5
10.0 19.75 1.5
9.0 19.75 1.5
8.0 19.75 1.5
7.0 19.75 1.5
6.0 19.75 1.5
5.0 19.75 1.5
4.0 19.75 1.5
3.0 19.75 1.5
2.0 19.75 1.5
1.0 19.75 1.5
0.25 19.75 1.5
0.25 18.75 1.5
0.25 17.75 1.5
0.25 16.75 1.5
0.25 15.75 1.5
0.25 15.0 1.5
0.25 14.0 1.5
0.25 13.0 1.5
0.25 12.0 1.5
0.25 11.0 1.5
0.25 10.0 1.5
0.25 9.0 1.5
0.25 8.0 1.5
0.25 7.0 1.5
0.25 6.0 1.5
0.25 5.0 1.5
0.25 4.0 1.5
0.25 3.0 1.5
0.25 2.0 1.5
0.25 1.0 1.5
0.25 0.25 1.5